0	{"gaps":[958,925,715,715,545,392,145,1]}	{"inversion_count":0}
1	{"gaps":[681,657,585,536,166,33,19,1]}	{"inversion_count":0}
2	{"gaps":[880,827,770,715,559,521,268,1]}	{"inversion_count":0}
3	{"gaps":[998,882,707,585,299,154,90,1]}	{"inversion_count":0}
4	{"gaps":[989,956,914,756,166,33,19,1]}	{"inversion_count":0}
5	{"gaps":[939,802,731,672,392,314,145,1]}	{"inversion_count":0}
6	{"gaps":[909,574,536,517,166,33,19,1]}	{"inversion_count":0}
7	{"gaps":[911,698,545,545,166,33,19,1]}	{"inversion_count":0}
8	{"gaps":[681,657,585,545,545,392,145,1]}	{"inversion_count":0}
9	{"gaps":[776,559,547,536,474,154,90,1]}	{"inversion_count":0}
10	{"gaps":[964,826,623,559,411,394,268,1]}	{"inversion_count":0}
11	{"gaps":[776,547,536,474,394,392,145,1]}	{"inversion_count":0}
12	{"gaps":[727,715,686,640,166,33,19,1]}	{"inversion_count":0}
13	{"gaps":[681,657,585,554,545,521,268,1]}	{"inversion_count":0}
14	{"gaps":[681,657,585,545,449,394,268,1]}	{"inversion_count":0}
15	{"gaps":[885,694,682,653,392,314,145,1]}	{"inversion_count":0}
16	{"gaps":[991,815,697,545,506,154,90,1]}	{"inversion_count":0}
17	{"gaps":[958,925,715,694,509,154,90,1]}	{"inversion_count":0}
18	{"gaps":[666,660,613,587,392,314,145,1]}	{"inversion_count":0}
19	{"gaps":[727,715,686,640,166,33,19,1]}	{"inversion_count":0}
20	{"gaps":[963,583,559,545,517,154,90,1]}	{"inversion_count":0}
21	{"gaps":[991,815,697,559,448,411,268,1]}	{"inversion_count":0}
22	{"gaps":[727,715,686,615,536,392,145,1]}	{"inversion_count":0}
23	{"gaps":[976,949,896,828,166,33,19,1]}	{"inversion_count":0}
24	{"gaps":[939,834,713,585,166,33,19,1]}	{"inversion_count":0}
25	{"gaps":[958,925,715,694,299,154,90,1]}	{"inversion_count":0}
26	{"gaps":[963,583,545,542,506,154,90,1]}	{"inversion_count":0}
27	{"gaps":[838,635,607,559,511,492,268,1]}	{"inversion_count":0}
28	{"gaps":[715,712,707,640,506,154,90,1]}	{"inversion_count":0}
29	{"gaps":[976,949,896,828,517,154,90,1]}	{"inversion_count":0}
30	{"gaps":[986,797,774,750,536,154,90,1]}	{"inversion_count":0}
31	{"gaps":[989,956,914,756,545,154,90,1]}	{"inversion_count":0}
32	{"gaps":[870,835,735,640,299,154,90,1]}	{"inversion_count":0}
33	{"gaps":[870,835,735,640,517,154,90,1]}	{"inversion_count":0}
34	{"gaps":[907,801,624,559,536,154,90,1]}	{"inversion_count":0}
35	{"gaps":[939,802,731,672,449,299,268,1]}	{"inversion_count":0}
36	{"gaps":[863,749,713,688,166,33,19,1]}	{"inversion_count":0}
37	{"gaps":[880,795,790,632,526,392,145,1]}	{"inversion_count":0}
38	{"gaps":[958,925,715,715,506,154,90,1]}	{"inversion_count":0}
39	{"gaps":[885,682,653,596,536,154,90,1]}	{"inversion_count":0}
40	{"gaps":[870,835,735,715,411,394,268,1]}	{"inversion_count":0}
41	{"gaps":[895,716,663,521,448,389,268,1]}	{"inversion_count":0}
42	{"gaps":[681,657,585,545,545,392,145,1]}	{"inversion_count":0}
43	{"gaps":[963,583,545,542,493,392,145,1]}	{"inversion_count":0}
44	{"gaps":[885,738,712,559,493,392,145,1]}	{"inversion_count":0}
45	{"gaps":[895,716,663,448,392,314,145,1]}	{"inversion_count":0}
46	{"gaps":[991,815,697,545,299,154,90,1]}	{"inversion_count":0}
47	{"gaps":[986,797,774,750,517,154,90,1]}	{"inversion_count":0}
48	{"gaps":[989,956,914,756,545,392,145,1]}	{"inversion_count":0}
49	{"gaps":[870,835,735,715,517,154,90,1]}	{"inversion_count":0}
50	{"gaps":[939,834,713,568,499,392,145,1]}	{"inversion_count":0}
51	{"gaps":[998,882,707,585,299,154,90,1]}	{"inversion_count":0}
52	{"gaps":[962,948,923,778,506,154,90,1]}	{"inversion_count":0}
53	{"gaps":[727,715,686,615,517,154,90,1]}	{"inversion_count":0}
54	{"gaps":[880,795,790,632,474,154,90,1]}	{"inversion_count":0}
55	{"gaps":[885,738,712,585,493,392,145,1]}	{"inversion_count":0}
56	{"gaps":[870,835,735,640,501,392,145,1]}	{"inversion_count":0}
57	{"gaps":[958,925,715,694,448,411,268,1]}	{"inversion_count":0}
58	{"gaps":[891,758,588,587,517,389,268,1]}	{"inversion_count":0}
59	{"gaps":[681,657,585,545,521,389,268,1]}	{"inversion_count":0}
60	{"gaps":[986,797,774,750,545,521,268,1]}	{"inversion_count":0}
61	{"gaps":[998,882,707,585,517,389,268,1]}	{"inversion_count":0}
62	{"gaps":[989,956,914,756,536,154,90,1]}	{"inversion_count":0}
63	{"gaps":[907,801,624,559,521,392,145,1]}	{"inversion_count":0}
64	{"gaps":[991,815,697,545,166,33,19,1]}	{"inversion_count":0}
65	{"gaps":[727,715,686,615,506,154,90,1]}	{"inversion_count":0}
66	{"gaps":[727,715,686,640,545,392,145,1]}	{"inversion_count":0}
67	{"gaps":[961,887,679,562,392,338,145,1]}	{"inversion_count":0}
68	{"gaps":[986,797,774,750,392,314,145,1]}	{"inversion_count":0}
69	{"gaps":[880,795,790,632,545,392,145,1]}	{"inversion_count":0}
70	{"gaps":[838,635,607,559,517,154,90,1]}	{"inversion_count":0}
71	{"gaps":[725,665,642,633,545,392,145,1]}	{"inversion_count":0}
72	{"gaps":[880,795,790,715,501,392,145,1]}	{"inversion_count":0}
73	{"gaps":[973,891,855,621,411,394,268,1]}	{"inversion_count":0}
74	{"gaps":[885,738,712,585,166,33,19,1]}	{"inversion_count":0}
75	{"gaps":[991,815,697,694,536,154,90,1]}	{"inversion_count":0}
76	{"gaps":[916,873,727,595,501,392,145,1]}	{"inversion_count":0}
77	{"gaps":[971,862,835,694,521,521,268,1]}	{"inversion_count":0}
78	{"gaps":[776,547,536,474,392,314,145,1]}	{"inversion_count":0}
79	{"gaps":[880,795,790,632,449,299,268,1]}	{"inversion_count":0}
80	{"gaps":[885,738,712,585,449,394,268,1]}	{"inversion_count":0}
81	{"gaps":[681,657,585,493,448,411,268,1]}	{"inversion_count":0}
82	{"gaps":[885,738,712,585,511,492,268,1]}	{"inversion_count":0}
83	{"gaps":[863,749,713,688,521,392,145,1]}	{"inversion_count":0}
84	{"gaps":[880,795,790,632,559,521,268,1]}	{"inversion_count":0}
85	{"gaps":[911,698,559,545,166,33,19,1]}	{"inversion_count":0}
86	{"gaps":[939,802,731,672,545,392,145,1]}	{"inversion_count":0}
87	{"gaps":[991,815,697,545,517,154,90,1]}	{"inversion_count":0}
88	{"gaps":[881,847,799,585,449,394,268,1]}	{"inversion_count":0}
89	{"gaps":[727,715,686,615,448,411,268,1]}	{"inversion_count":0}
90	{"gaps":[838,635,607,559,166,33,19,1]}	{"inversion_count":0}
91	{"gaps":[681,657,585,493,392,338,145,1]}	{"inversion_count":0}
92	{"gaps":[986,797,774,750,499,154,90,1]}	{"inversion_count":0}
93	{"gaps":[880,795,790,715,521,389,268,1]}	{"inversion_count":0}
94	{"gaps":[880,795,790,632,166,33,19,1]}	{"inversion_count":0}
95	{"gaps":[838,635,607,559,545,392,145,1]}	{"inversion_count":0}
96	{"gaps":[991,815,697,559,536,154,90,1]}	{"inversion_count":0}
97	{"gaps":[904,766,545,545,545,392,145,1]}	{"inversion_count":0}
98	{"gaps":[838,635,607,559,536,154,90,1]}	{"inversion_count":0}
99	{"gaps":[727,715,686,615,392,314,145,1]}	{"inversion_count":0}
100	{"gaps":[998,882,707,585,166,33,19,1]}	{"inversion_count":0}
101	{"gaps":[998,941,929,721,166,33,19,1]}	{"inversion_count":0}
102	{"gaps":[954,856,822,743,392,314,145,1]}	{"inversion_count":0}
103	{"gaps":[885,738,712,559,545,154,90,1]}	{"inversion_count":0}
104	{"gaps":[880,795,790,715,392,314,145,1]}	{"inversion_count":0}
105	{"gaps":[681,657,585,545,394,392,145,1]}	{"inversion_count":0}
106	{"gaps":[895,716,663,448,166,33,19,1]}	{"inversion_count":0}
107	{"gaps":[881,847,799,585,509,154,90,1]}	{"inversion_count":0}
108	{"gaps":[907,801,624,545,521,392,145,1]}	{"inversion_count":0}
109	{"gaps":[881,847,799,585,166,33,19,1]}	{"inversion_count":0}
110	{"gaps":[958,925,715,694,392,314,145,1]}	{"inversion_count":0}
111	{"gaps":[838,715,635,607,166,33,19,1]}	{"inversion_count":0}
112	{"gaps":[904,766,545,545,545,392,145,1]}	{"inversion_count":0}
113	{"gaps":[838,635,607,559,411,394,268,1]}	{"inversion_count":0}
114	{"gaps":[939,802,731,672,449,394,268,1]}	{"inversion_count":0}
115	{"gaps":[989,956,914,756,166,33,19,1]}	{"inversion_count":0}
116	{"gaps":[870,835,735,640,448,392,145,1]}	{"inversion_count":0}
117	{"gaps":[776,547,536,521,394,285,268,1]}	{"inversion_count":0}
118	{"gaps":[870,835,735,559,545,154,90,1]}	{"inversion_count":0}
119	{"gaps":[958,925,715,715,449,299,268,1]}	{"inversion_count":0}
120	{"gaps":[907,761,723,640,392,314,145,1]}	{"inversion_count":0}
121	{"gaps":[991,815,697,545,501,392,145,1]}	{"inversion_count":0}
122	{"gaps":[998,882,707,585,448,411,268,1]}	{"inversion_count":0}
123	{"gaps":[973,891,855,621,493,392,145,1]}	{"inversion_count":0}
124	{"gaps":[727,715,686,615,394,285,268,1]}	{"inversion_count":0}
125	{"gaps":[880,795,790,632,449,394,268,1]}	{"inversion_count":0}
126	{"gaps":[939,802,731,672,545,392,145,1]}	{"inversion_count":0}
127	{"gaps":[885,738,712,559,299,154,90,1]}	{"inversion_count":0}
128	{"gaps":[935,818,751,648,449,394,268,1]}	{"inversion_count":0}
129	{"gaps":[986,797,774,750,166,33,19,1]}	{"inversion_count":0}
130	{"gaps":[885,738,712,585,166,33,19,1]}	{"inversion_count":0}
131	{"gaps":[991,815,697,545,166,33,19,1]}	{"inversion_count":0}
132	{"gaps":[962,948,923,778,545,392,145,1]}	{"inversion_count":0}
133	{"gaps":[935,818,751,648,545,392,145,1]}	{"inversion_count":0}
134	{"gaps":[885,738,712,585,392,314,145,1]}	{"inversion_count":0}
135	{"gaps":[991,815,697,545,166,33,19,1]}	{"inversion_count":0}
136	{"gaps":[961,887,679,562,166,33,19,1]}	{"inversion_count":0}
137	{"gaps":[991,815,697,545,506,154,90,1]}	{"inversion_count":0}
138	{"gaps":[889,863,823,600,545,392,145,1]}	{"inversion_count":0}
139	{"gaps":[939,802,731,672,559,521,268,1]}	{"inversion_count":0}
140	{"gaps":[991,815,697,545,521,389,268,1]}	{"inversion_count":0}
141	{"gaps":[881,847,799,585,166,33,19,1]}	{"inversion_count":0}
142	{"gaps":[838,635,607,559,545,154,90,1]}	{"inversion_count":0}
143	{"gaps":[989,956,914,756,448,411,268,1]}	{"inversion_count":0}
144	{"gaps":[885,694,682,653,521,338,268,1]}	{"inversion_count":0}
145	{"gaps":[991,815,697,545,392,314,145,1]}	{"inversion_count":0}
146	{"gaps":[963,583,568,542,299,154,90,1]}	{"inversion_count":0}
147	{"gaps":[715,712,707,596,466,154,90,1]}	{"inversion_count":0}
148	{"gaps":[870,835,735,640,521,338,268,1]}	{"inversion_count":0}
149	{"gaps":[909,574,536,536,517,154,90,1]}	{"inversion_count":0}
150	{"gaps":[963,583,545,545,166,33,19,1]}	{"inversion_count":0}
151	{"gaps":[991,815,697,545,392,314,145,1]}	{"inversion_count":0}
152	{"gaps":[880,795,790,632,448,411,268,1]}	{"inversion_count":0}
153	{"gaps":[986,797,774,750,542,154,90,1]}	{"inversion_count":0}
154	{"gaps":[963,583,542,526,449,299,268,1]}	{"inversion_count":0}
155	{"gaps":[961,887,679,595,474,389,268,1]}	{"inversion_count":0}
156	{"gaps":[911,698,559,545,545,392,145,1]}	{"inversion_count":0}
157	{"gaps":[907,801,624,542,521,154,90,1]}	{"inversion_count":0}
158	{"gaps":[815,748,561,559,536,154,90,1]}	{"inversion_count":0}
159	{"gaps":[865,768,727,653,559,154,90,1]}	{"inversion_count":0}
160	{"gaps":[895,716,663,448,299,154,90,1]}	{"inversion_count":0}
161	{"gaps":[991,815,697,545,392,314,145,1]}	{"inversion_count":0}
162	{"gaps":[727,715,686,615,509,154,90,1]}	{"inversion_count":0}
163	{"gaps":[838,635,607,559,559,154,90,1]}	{"inversion_count":0}
164	{"gaps":[976,949,896,828,448,411,268,1]}	{"inversion_count":0}
165	{"gaps":[991,815,697,545,166,33,19,1]}	{"inversion_count":0}
166	{"gaps":[880,795,790,632,559,154,90,1]}	{"inversion_count":0}
167	{"gaps":[838,715,635,607,521,392,145,1]}	{"inversion_count":0}
168	{"gaps":[880,795,790,715,466,154,90,1]}	{"inversion_count":0}
169	{"gaps":[964,826,623,559,545,154,90,1]}	{"inversion_count":0}
170	{"gaps":[880,795,790,632,559,154,90,1]}	{"inversion_count":0}
171	{"gaps":[963,583,545,542,166,33,19,1]}	{"inversion_count":0}
172	{"gaps":[885,738,712,585,166,33,19,1]}	{"inversion_count":0}
173	{"gaps":[725,665,642,633,517,154,90,1]}	{"inversion_count":0}
174	{"gaps":[681,657,585,545,545,392,145,1]}	{"inversion_count":0}
175	{"gaps":[958,925,715,694,394,285,268,1]}	{"inversion_count":0}
176	{"gaps":[727,715,686,640,448,411,268,1]}	{"inversion_count":0}
177	{"gaps":[989,956,914,756,449,394,268,1]}	{"inversion_count":0}
178	{"gaps":[880,827,770,715,545,392,145,1]}	{"inversion_count":0}
179	{"gaps":[907,761,723,640,501,392,145,1]}	{"inversion_count":0}
180	{"gaps":[870,835,735,715,521,389,268,1]}	{"inversion_count":0}
181	{"gaps":[727,715,686,640,394,392,145,1]}	{"inversion_count":0}
182	{"gaps":[895,716,663,448,392,314,145,1]}	{"inversion_count":0}
183	{"gaps":[933,858,828,559,521,389,268,1]}	{"inversion_count":0}
184	{"gaps":[885,738,712,585,554,521,268,1]}	{"inversion_count":0}
185	{"gaps":[880,827,770,715,448,411,268,1]}	{"inversion_count":0}
186	{"gaps":[863,749,713,688,449,394,268,1]}	{"inversion_count":0}
187	{"gaps":[885,738,712,585,506,154,90,1]}	{"inversion_count":0}
188	{"gaps":[907,801,624,559,449,299,268,1]}	{"inversion_count":0}
189	{"gaps":[939,802,731,672,559,154,90,1]}	{"inversion_count":0}
190	{"gaps":[963,583,559,545,493,392,145,1]}	{"inversion_count":0}
191	{"gaps":[958,925,715,694,545,154,90,1]}	{"inversion_count":0}
192	{"gaps":[776,547,545,536,474,154,90,1]}	{"inversion_count":0}
193	{"gaps":[885,738,712,585,545,392,145,1]}	{"inversion_count":0}
194	{"gaps":[725,665,642,633,392,314,145,1]}	{"inversion_count":0}
195	{"gaps":[973,891,855,621,411,394,268,1]}	{"inversion_count":0}
196	{"gaps":[880,795,790,632,493,392,145,1]}	{"inversion_count":0}
197	{"gaps":[958,925,715,694,166,33,19,1]}	{"inversion_count":0}
198	{"gaps":[904,766,615,585,521,392,145,1]}	{"inversion_count":0}
199	{"gaps":[885,738,712,559,392,314,145,1]}	{"inversion_count":0}
200	{"gaps":[880,827,770,715,559,521,268,1]}	{"inversion_count":0}
201	{"gaps":[815,748,561,559,545,154,90,1]}	{"inversion_count":0}
202	{"gaps":[727,715,686,615,545,392,145,1]}	{"inversion_count":0}
203	{"gaps":[963,583,545,542,493,392,145,1]}	{"inversion_count":0}
204	{"gaps":[776,547,545,545,536,392,145,1]}	{"inversion_count":0}
205	{"gaps":[963,583,545,545,545,392,145,1]}	{"inversion_count":0}
206	{"gaps":[962,948,923,778,166,33,19,1]}	{"inversion_count":0}
207	{"gaps":[838,635,607,559,501,392,145,1]}	{"inversion_count":0}
208	{"gaps":[815,748,561,559,166,33,19,1]}	{"inversion_count":0}
209	{"gaps":[998,941,929,721,166,33,19,1]}	{"inversion_count":0}
210	{"gaps":[885,738,712,585,545,392,145,1]}	{"inversion_count":0}
211	{"gaps":[907,801,624,585,448,411,268,1]}	{"inversion_count":0}
212	{"gaps":[961,887,679,562,545,392,145,1]}	{"inversion_count":0}
213	{"gaps":[962,948,923,778,545,521,268,1]}	{"inversion_count":0}
214	{"gaps":[958,925,715,694,499,392,145,1]}	{"inversion_count":0}
215	{"gaps":[715,712,707,640,521,389,268,1]}	{"inversion_count":0}
216	{"gaps":[933,858,828,559,448,411,268,1]}	{"inversion_count":0}
217	{"gaps":[963,583,559,542,449,394,268,1]}	{"inversion_count":0}
218	{"gaps":[939,742,698,599,501,392,145,1]}	{"inversion_count":0}
219	{"gaps":[916,873,727,595,545,392,145,1]}	{"inversion_count":0}
220	{"gaps":[958,925,715,715,449,299,268,1]}	{"inversion_count":0}
221	{"gaps":[991,815,697,694,166,33,19,1]}	{"inversion_count":0}
222	{"gaps":[991,815,697,545,392,314,145,1]}	{"inversion_count":0}
223	{"gaps":[958,925,715,715,545,392,145,1]}	{"inversion_count":0}
224	{"gaps":[998,882,707,585,559,521,268,1]}	{"inversion_count":0}
225	{"gaps":[939,802,731,672,449,394,268,1]}	{"inversion_count":0}
226	{"gaps":[904,766,615,585,501,392,145,1]}	{"inversion_count":0}
227	{"gaps":[880,795,790,632,521,154,90,1]}	{"inversion_count":0}
228	{"gaps":[885,738,712,559,382,154,90,1]}	{"inversion_count":0}
229	{"gaps":[870,835,735,640,449,394,268,1]}	{"inversion_count":0}
230	{"gaps":[962,948,923,778,545,392,145,1]}	{"inversion_count":0}
231	{"gaps":[640,624,617,552,449,388,268,1]}	{"inversion_count":0}
232	{"gaps":[880,827,770,715,448,411,268,1]}	{"inversion_count":0}
233	{"gaps":[998,882,707,585,545,521,268,1]}	{"inversion_count":0}
234	{"gaps":[881,847,799,585,521,389,268,1]}	{"inversion_count":0}
235	{"gaps":[989,956,914,756,449,394,268,1]}	{"inversion_count":0}
236	{"gaps":[681,657,585,545,506,154,90,1]}	{"inversion_count":0}
237	{"gaps":[904,766,615,585,394,285,268,1]}	{"inversion_count":0}
238	{"gaps":[885,682,653,596,536,154,90,1]}	{"inversion_count":0}
239	{"gaps":[989,956,914,756,392,314,145,1]}	{"inversion_count":0}
240	{"gaps":[986,797,774,750,542,521,268,1]}	{"inversion_count":0}
241	{"gaps":[986,797,774,750,545,154,90,1]}	{"inversion_count":0}
242	{"gaps":[681,657,585,559,536,154,90,1]}	{"inversion_count":0}
243	{"gaps":[904,766,545,545,499,392,145,1]}	{"inversion_count":0}
244	{"gaps":[885,682,653,596,166,33,19,1]}	{"inversion_count":0}
245	{"gaps":[870,835,735,545,545,392,145,1]}	{"inversion_count":0}
246	{"gaps":[963,583,542,526,521,389,268,1]}	{"inversion_count":0}
247	{"gaps":[838,635,607,559,506,154,90,1]}	{"inversion_count":0}
248	{"gaps":[776,568,547,545,536,154,90,1]}	{"inversion_count":0}
249	{"gaps":[986,797,774,750,501,392,145,1]}	{"inversion_count":0}
250	{"gaps":[961,887,679,562,449,394,268,1]}	{"inversion_count":0}
251	{"gaps":[958,925,715,694,545,521,268,1]}	{"inversion_count":0}
252	{"gaps":[958,925,715,715,499,392,145,1]}	{"inversion_count":0}
253	{"gaps":[989,956,914,756,501,392,145,1]}	{"inversion_count":0}
254	{"gaps":[885,738,712,559,166,33,19,1]}	{"inversion_count":0}
255	{"gaps":[989,956,914,756,166,33,19,1]}	{"inversion_count":0}
256	{"gaps":[989,956,914,756,545,154,90,1]}	{"inversion_count":0}
257	{"gaps":[963,583,545,542,517,154,90,1]}	{"inversion_count":0}
258	{"gaps":[958,925,715,694,166,33,19,1]}	{"inversion_count":0}
259	{"gaps":[815,748,561,559,166,33,19,1]}	{"inversion_count":0}
260	{"gaps":[681,657,595,585,394,392,145,1]}	{"inversion_count":0}
261	{"gaps":[880,827,770,715,559,154,90,1]}	{"inversion_count":0}
262	{"gaps":[991,815,697,559,545,392,145,1]}	{"inversion_count":0}
263	{"gaps":[885,738,712,585,559,154,90,1]}	{"inversion_count":0}
264	{"gaps":[958,925,715,715,466,154,90,1]}	{"inversion_count":0}
265	{"gaps":[880,795,790,632,449,388,268,1]}	{"inversion_count":0}
266	{"gaps":[885,738,712,559,554,521,268,1]}	{"inversion_count":0}
267	{"gaps":[880,795,790,715,501,392,145,1]}	{"inversion_count":0}
268	{"gaps":[681,657,585,568,521,338,268,1]}	{"inversion_count":0}
269	{"gaps":[939,802,731,672,506,154,90,1]}	{"inversion_count":0}
270	{"gaps":[961,887,679,562,545,392,145,1]}	{"inversion_count":0}
271	{"gaps":[880,827,770,715,411,394,268,1]}	{"inversion_count":0}
272	{"gaps":[991,815,697,545,501,392,145,1]}	{"inversion_count":0}
273	{"gaps":[911,698,559,545,392,314,145,1]}	{"inversion_count":0}
274	{"gaps":[666,660,613,587,559,154,90,1]}	{"inversion_count":0}
275	{"gaps":[976,949,896,828,554,521,268,1]}	{"inversion_count":0}
276	{"gaps":[962,948,923,778,521,456,268,1]}	{"inversion_count":0}
277	{"gaps":[681,657,585,559,545,521,268,1]}	{"inversion_count":0}
278	{"gaps":[963,583,545,545,545,392,145,1]}	{"inversion_count":0}
279	{"gaps":[681,657,585,545,299,154,90,1]}	{"inversion_count":0}
280	{"gaps":[885,738,712,559,411,394,268,1]}	{"inversion_count":0}
281	{"gaps":[961,887,679,562,394,285,268,1]}	{"inversion_count":0}
282	{"gaps":[907,801,624,559,559,521,268,1]}	{"inversion_count":0}
283	{"gaps":[885,694,682,653,521,456,268,1]}	{"inversion_count":0}
284	{"gaps":[991,815,697,545,545,392,145,1]}	{"inversion_count":0}
285	{"gaps":[891,758,588,587,542,392,145,1]}	{"inversion_count":0}
286	{"gaps":[727,715,686,640,506,154,90,1]}	{"inversion_count":0}
287	{"gaps":[986,797,774,750,521,389,268,1]}	{"inversion_count":0}
288	{"gaps":[880,795,790,715,501,392,145,1]}	{"inversion_count":0}
289	{"gaps":[971,862,835,694,392,314,145,1]}	{"inversion_count":0}
290	{"gaps":[961,887,679,562,449,394,268,1]}	{"inversion_count":0}
291	{"gaps":[838,635,607,559,545,154,90,1]}	{"inversion_count":0}
292	{"gaps":[870,835,735,545,166,33,19,1]}	{"inversion_count":0}
293	{"gaps":[904,766,615,545,506,154,90,1]}	{"inversion_count":0}
294	{"gaps":[838,635,607,559,166,33,19,1]}	{"inversion_count":0}
295	{"gaps":[954,856,822,743,166,33,19,1]}	{"inversion_count":0}
296	{"gaps":[907,801,624,559,536,154,90,1]}	{"inversion_count":0}
297	{"gaps":[991,815,697,545,449,394,268,1]}	{"inversion_count":0}
298	{"gaps":[776,547,545,536,509,154,90,1]}	{"inversion_count":0}
299	{"gaps":[776,568,547,521,521,392,145,1]}	{"inversion_count":0}
300	{"gaps":[986,797,774,750,448,411,268,1]}	{"inversion_count":0}
301	{"gaps":[954,856,822,743,411,394,268,1]}	{"inversion_count":0}
302	{"gaps":[681,657,585,545,166,33,19,1]}	{"inversion_count":0}
303	{"gaps":[986,797,774,750,499,392,145,1]}	{"inversion_count":0}
304	{"gaps":[973,891,855,621,517,154,90,1]}	{"inversion_count":0}
305	{"gaps":[935,818,751,648,493,392,145,1]}	{"inversion_count":0}
306	{"gaps":[958,925,715,715,449,394,268,1]}	{"inversion_count":0}
307	{"gaps":[963,583,559,542,526,154,90,1]}	{"inversion_count":0}
308	{"gaps":[961,887,679,562,449,394,268,1]}	{"inversion_count":0}
309	{"gaps":[681,657,585,559,545,154,90,1]}	{"inversion_count":0}
310	{"gaps":[907,801,624,585,449,299,268,1]}	{"inversion_count":0}
311	{"gaps":[880,795,790,632,166,33,19,1]}	{"inversion_count":0}
312	{"gaps":[880,795,790,715,506,154,90,1]}	{"inversion_count":0}
313	{"gaps":[865,768,727,653,448,411,268,1]}	{"inversion_count":0}
314	{"gaps":[885,738,712,559,449,394,268,1]}	{"inversion_count":0}
315	{"gaps":[776,547,536,474,459,440,268,1]}	{"inversion_count":0}
316	{"gaps":[880,795,790,632,545,521,268,1]}	{"inversion_count":0}
317	{"gaps":[715,712,707,640,559,521,268,1]}	{"inversion_count":0}
318	{"gaps":[880,795,790,715,166,33,19,1]}	{"inversion_count":0}
319	{"gaps":[935,818,751,648,166,33,19,1]}	{"inversion_count":0}
320	{"gaps":[815,748,561,559,545,392,145,1]}	{"inversion_count":0}
321	{"gaps":[815,748,561,559,536,154,90,1]}	{"inversion_count":0}
322	{"gaps":[933,858,828,559,506,154,90,1]}	{"inversion_count":0}
323	{"gaps":[880,795,790,632,536,154,90,1]}	{"inversion_count":0}
324	{"gaps":[986,797,774,750,448,154,90,1]}	{"inversion_count":0}
325	{"gaps":[880,795,790,715,521,392,145,1]}	{"inversion_count":0}
326	{"gaps":[815,748,561,559,396,392,145,1]}	{"inversion_count":0}
327	{"gaps":[776,568,547,521,466,154,90,1]}	{"inversion_count":0}
328	{"gaps":[904,766,615,585,392,314,145,1]}	{"inversion_count":0}
329	{"gaps":[863,749,713,688,501,392,145,1]}	{"inversion_count":0}
330	{"gaps":[963,583,542,526,299,154,90,1]}	{"inversion_count":0}
331	{"gaps":[904,766,615,585,545,392,145,1]}	{"inversion_count":0}
332	{"gaps":[895,716,663,536,521,392,145,1]}	{"inversion_count":0}
333	{"gaps":[986,797,774,750,449,299,268,1]}	{"inversion_count":0}
334	{"gaps":[776,547,545,545,449,299,268,1]}	{"inversion_count":0}
335	{"gaps":[666,660,613,587,449,299,268,1]}	{"inversion_count":0}
336	{"gaps":[971,862,835,694,392,314,145,1]}	{"inversion_count":0}
337	{"gaps":[880,795,790,715,545,392,145,1]}	{"inversion_count":0}
338	{"gaps":[961,887,679,562,545,392,145,1]}	{"inversion_count":0}
339	{"gaps":[725,665,642,633,517,154,90,1]}	{"inversion_count":0}
340	{"gaps":[727,715,686,615,392,314,145,1]}	{"inversion_count":0}
341	{"gaps":[838,635,607,559,521,521,268,1]}	{"inversion_count":0}
342	{"gaps":[880,795,790,632,166,33,19,1]}	{"inversion_count":0}
343	{"gaps":[939,802,731,672,448,411,268,1]}	{"inversion_count":0}
344	{"gaps":[907,801,624,521,521,392,145,1]}	{"inversion_count":0}
345	{"gaps":[838,635,607,559,545,521,268,1]}	{"inversion_count":0}
346	{"gaps":[991,815,697,545,166,33,19,1]}	{"inversion_count":0}
347	{"gaps":[885,738,712,585,545,392,145,1]}	{"inversion_count":0}
348	{"gaps":[885,738,712,585,449,394,268,1]}	{"inversion_count":0}
349	{"gaps":[885,738,712,585,166,33,19,1]}	{"inversion_count":0}
350	{"gaps":[681,657,585,559,466,154,90,1]}	{"inversion_count":0}
351	{"gaps":[870,835,735,640,536,154,90,1]}	{"inversion_count":0}
352	{"gaps":[815,748,561,559,545,154,90,1]}	{"inversion_count":0}
353	{"gaps":[961,887,679,595,411,394,268,1]}	{"inversion_count":0}
354	{"gaps":[815,748,561,559,506,154,90,1]}	{"inversion_count":0}
355	{"gaps":[933,858,828,559,448,411,268,1]}	{"inversion_count":0}
356	{"gaps":[870,835,735,640,536,154,90,1]}	{"inversion_count":0}
357	{"gaps":[986,797,774,750,554,521,268,1]}	{"inversion_count":0}
358	{"gaps":[958,925,715,694,545,392,145,1]}	{"inversion_count":0}
359	{"gaps":[998,882,715,707,554,521,268,1]}	{"inversion_count":0}
360	{"gaps":[907,801,695,661,545,154,90,1]}	{"inversion_count":0}
361	{"gaps":[880,795,790,632,449,394,268,1]}	{"inversion_count":0}
362	{"gaps":[976,949,896,828,545,392,145,1]}	{"inversion_count":0}
363	{"gaps":[991,815,697,559,517,154,90,1]}	{"inversion_count":0}
364	{"gaps":[880,827,770,715,506,154,90,1]}	{"inversion_count":0}
365	{"gaps":[933,858,828,559,392,314,145,1]}	{"inversion_count":0}
366	{"gaps":[991,815,697,694,511,492,268,1]}	{"inversion_count":0}
367	{"gaps":[666,660,613,587,501,392,145,1]}	{"inversion_count":0}
368	{"gaps":[935,818,751,648,559,154,90,1]}	{"inversion_count":0}
369	{"gaps":[681,657,585,545,493,392,145,1]}	{"inversion_count":0}
370	{"gaps":[880,795,790,632,501,392,145,1]}	{"inversion_count":0}
371	{"gaps":[672,663,618,545,166,33,19,1]}	{"inversion_count":0}
372	{"gaps":[933,858,828,559,166,33,19,1]}	{"inversion_count":0}
373	{"gaps":[838,715,635,607,521,392,145,1]}	{"inversion_count":0}
374	{"gaps":[776,547,545,536,474,392,145,1]}	{"inversion_count":0}
375	{"gaps":[681,657,585,568,493,392,145,1]}	{"inversion_count":0}
376	{"gaps":[964,826,623,559,392,314,145,1]}	{"inversion_count":0}
377	{"gaps":[880,795,790,632,449,394,268,1]}	{"inversion_count":0}
378	{"gaps":[907,801,695,661,448,411,268,1]}	{"inversion_count":0}
379	{"gaps":[909,574,545,536,517,392,145,1]}	{"inversion_count":0}
380	{"gaps":[815,748,561,559,536,154,90,1]}	{"inversion_count":0}
381	{"gaps":[880,795,790,715,545,392,145,1]}	{"inversion_count":0}
382	{"gaps":[863,749,713,688,506,154,90,1]}	{"inversion_count":0}
383	{"gaps":[963,583,545,545,448,411,268,1]}	{"inversion_count":0}
384	{"gaps":[727,715,686,640,526,521,268,1]}	{"inversion_count":0}
385	{"gaps":[885,738,712,559,501,392,145,1]}	{"inversion_count":0}
386	{"gaps":[958,925,715,694,545,392,145,1]}	{"inversion_count":0}
387	{"gaps":[986,797,774,750,411,394,268,1]}	{"inversion_count":0}
388	{"gaps":[961,887,679,562,392,314,145,1]}	{"inversion_count":0}
389	{"gaps":[863,749,713,688,517,154,90,1]}	{"inversion_count":0}
390	{"gaps":[776,568,547,536,521,154,90,1]}	{"inversion_count":0}
391	{"gaps":[885,738,712,585,545,392,145,1]}	{"inversion_count":0}
392	{"gaps":[989,956,914,756,166,33,19,1]}	{"inversion_count":0}
393	{"gaps":[727,715,686,615,448,411,268,1]}	{"inversion_count":0}
394	{"gaps":[681,657,585,559,545,154,90,1]}	{"inversion_count":0}
395	{"gaps":[865,768,727,653,299,154,90,1]}	{"inversion_count":0}
396	{"gaps":[939,802,731,672,166,33,19,1]}	{"inversion_count":0}
397	{"gaps":[880,795,790,715,466,154,90,1]}	{"inversion_count":0}
398	{"gaps":[885,738,712,585,554,521,268,1]}	{"inversion_count":0}
399	{"gaps":[991,815,697,694,542,154,90,1]}	{"inversion_count":0}
400	{"gaps":[880,827,770,715,536,154,90,1]}	{"inversion_count":0}
401	{"gaps":[998,941,929,721,466,154,90,1]}	{"inversion_count":0}
402	{"gaps":[916,873,727,595,299,154,90,1]}	{"inversion_count":0}
403	{"gaps":[958,925,715,715,299,154,90,1]}	{"inversion_count":0}
404	{"gaps":[933,858,828,559,526,392,145,1]}	{"inversion_count":0}
405	{"gaps":[776,547,536,474,449,394,268,1]}	{"inversion_count":0}
406	{"gaps":[976,949,896,828,517,154,90,1]}	{"inversion_count":0}
407	{"gaps":[681,657,585,545,521,392,145,1]}	{"inversion_count":0}
408	{"gaps":[961,887,679,595,517,154,90,1]}	{"inversion_count":0}
409	{"gaps":[880,827,770,715,545,392,145,1]}	{"inversion_count":0}
410	{"gaps":[715,712,707,640,392,314,145,1]}	{"inversion_count":0}
411	{"gaps":[991,815,697,559,394,392,145,1]}	{"inversion_count":0}
412	{"gaps":[976,949,896,828,536,154,90,1]}	{"inversion_count":0}
413	{"gaps":[727,715,686,615,449,299,268,1]}	{"inversion_count":0}
414	{"gaps":[911,698,559,545,166,33,19,1]}	{"inversion_count":0}
415	{"gaps":[776,547,545,536,466,154,90,1]}	{"inversion_count":0}
416	{"gaps":[870,835,735,715,474,154,90,1]}	{"inversion_count":0}
417	{"gaps":[870,835,735,545,392,314,145,1]}	{"inversion_count":0}
418	{"gaps":[881,847,799,585,517,154,90,1]}	{"inversion_count":0}
419	{"gaps":[998,882,707,585,166,33,19,1]}	{"inversion_count":0}
420	{"gaps":[963,583,559,545,521,154,90,1]}	{"inversion_count":0}
421	{"gaps":[991,815,697,545,466,154,90,1]}	{"inversion_count":0}
422	{"gaps":[989,956,914,756,536,154,90,1]}	{"inversion_count":0}
423	{"gaps":[863,749,713,688,448,411,268,1]}	{"inversion_count":0}
424	{"gaps":[998,882,715,707,559,154,90,1]}	{"inversion_count":0}
425	{"gaps":[904,766,545,545,449,394,268,1]}	{"inversion_count":0}
426	{"gaps":[991,815,697,559,392,314,145,1]}	{"inversion_count":0}
427	{"gaps":[838,635,607,559,166,33,19,1]}	{"inversion_count":0}
428	{"gaps":[963,583,545,542,392,314,145,1]}	{"inversion_count":0}
429	{"gaps":[958,925,715,694,166,33,19,1]}	{"inversion_count":0}
430	{"gaps":[963,583,545,542,392,314,145,1]}	{"inversion_count":0}
431	{"gaps":[870,835,735,640,166,33,19,1]}	{"inversion_count":0}
432	{"gaps":[939,802,731,672,554,521,268,1]}	{"inversion_count":0}
433	{"gaps":[880,795,790,715,521,392,145,1]}	{"inversion_count":0}
434	{"gaps":[933,858,828,559,166,33,19,1]}	{"inversion_count":0}
435	{"gaps":[880,795,790,715,545,392,145,1]}	{"inversion_count":0}
436	{"gaps":[880,827,770,715,166,33,19,1]}	{"inversion_count":0}
437	{"gaps":[909,574,536,517,396,392,145,1]}	{"inversion_count":0}
438	{"gaps":[725,665,642,633,466,154,90,1]}	{"inversion_count":0}
439	{"gaps":[998,882,715,707,542,392,145,1]}	{"inversion_count":0}
440	{"gaps":[880,795,790,632,545,392,145,1]}	{"inversion_count":0}
441	{"gaps":[880,795,790,715,499,392,145,1]}	{"inversion_count":0}
442	{"gaps":[963,583,545,545,536,154,90,1]}	{"inversion_count":0}
443	{"gaps":[885,694,682,653,448,411,268,1]}	{"inversion_count":0}
444	{"gaps":[880,795,790,715,392,314,145,1]}	{"inversion_count":0}
445	{"gaps":[962,948,923,778,166,33,19,1]}	{"inversion_count":0}
446	{"gaps":[963,583,559,545,449,394,268,1]}	{"inversion_count":0}
447	{"gaps":[986,797,774,750,299,154,90,1]}	{"inversion_count":0}
448	{"gaps":[916,873,727,595,392,314,145,1]}	{"inversion_count":0}
449	{"gaps":[973,891,855,621,521,389,268,1]}	{"inversion_count":0}
450	{"gaps":[933,858,828,559,466,154,90,1]}	{"inversion_count":0}
451	{"gaps":[815,748,561,559,517,154,90,1]}	{"inversion_count":0}
452	{"gaps":[870,835,735,545,526,392,145,1]}	{"inversion_count":0}
453	{"gaps":[933,858,828,559,166,33,19,1]}	{"inversion_count":0}
454	{"gaps":[916,873,727,595,466,154,90,1]}	{"inversion_count":0}
455	{"gaps":[962,948,923,778,501,392,145,1]}	{"inversion_count":0}
456	{"gaps":[976,949,896,828,545,154,90,1]}	{"inversion_count":0}
457	{"gaps":[904,766,615,585,521,392,145,1]}	{"inversion_count":0}
458	{"gaps":[991,815,697,694,509,154,90,1]}	{"inversion_count":0}
459	{"gaps":[986,797,774,750,392,314,145,1]}	{"inversion_count":0}
460	{"gaps":[961,887,679,562,299,154,90,1]}	{"inversion_count":0}
461	{"gaps":[909,574,536,517,509,154,90,1]}	{"inversion_count":0}
462	{"gaps":[885,738,712,585,545,392,145,1]}	{"inversion_count":0}
463	{"gaps":[870,835,735,640,545,392,145,1]}	{"inversion_count":0}
464	{"gaps":[776,547,545,536,521,392,145,1]}	{"inversion_count":0}
465	{"gaps":[963,583,545,545,501,392,145,1]}	{"inversion_count":0}
466	{"gaps":[986,797,774,750,568,521,268,1]}	{"inversion_count":0}
467	{"gaps":[958,925,715,694,506,154,90,1]}	{"inversion_count":0}
468	{"gaps":[880,795,790,715,166,33,19,1]}	{"inversion_count":0}
469	{"gaps":[865,768,727,653,506,154,90,1]}	{"inversion_count":0}
470	{"gaps":[885,738,712,585,526,154,90,1]}	{"inversion_count":0}
471	{"gaps":[715,712,707,596,411,394,268,1]}	{"inversion_count":0}
472	{"gaps":[989,956,914,756,466,154,90,1]}	{"inversion_count":0}
473	{"gaps":[907,801,695,661,474,154,90,1]}	{"inversion_count":0}
474	{"gaps":[889,863,823,600,499,154,90,1]}	{"inversion_count":0}
475	{"gaps":[963,583,545,542,449,394,268,1]}	{"inversion_count":0}
476	{"gaps":[976,949,896,828,166,33,19,1]}	{"inversion_count":0}
477	{"gaps":[989,956,914,756,545,392,145,1]}	{"inversion_count":0}
478	{"gaps":[860,809,768,725,448,411,268,1]}	{"inversion_count":0}
479	{"gaps":[954,856,822,743,166,33,19,1]}	{"inversion_count":0}
480	{"gaps":[958,925,715,694,166,33,19,1]}	{"inversion_count":0}
481	{"gaps":[962,948,923,778,392,314,145,1]}	{"inversion_count":0}
482	{"gaps":[880,795,790,632,299,154,90,1]}	{"inversion_count":0}
483	{"gaps":[885,738,712,559,449,394,268,1]}	{"inversion_count":0}
484	{"gaps":[776,547,536,474,411,394,268,1]}	{"inversion_count":0}
485	{"gaps":[885,738,712,585,299,154,90,1]}	{"inversion_count":0}
486	{"gaps":[681,657,585,568,554,521,268,1]}	{"inversion_count":0}
487	{"gaps":[885,738,712,585,394,392,145,1]}	{"inversion_count":0}
488	{"gaps":[986,797,774,750,506,154,90,1]}	{"inversion_count":0}
489	{"gaps":[885,738,712,559,521,389,268,1]}	{"inversion_count":0}
490	{"gaps":[727,715,686,640,536,154,90,1]}	{"inversion_count":0}
491	{"gaps":[880,795,790,632,545,154,90,1]}	{"inversion_count":0}
492	{"gaps":[964,826,623,559,526,392,145,1]}	{"inversion_count":0}
493	{"gaps":[666,660,613,587,545,392,145,1]}	{"inversion_count":0}
494	{"gaps":[838,635,607,559,526,154,90,1]}	{"inversion_count":0}
495	{"gaps":[715,712,707,596,166,33,19,1]}	{"inversion_count":0}
496	{"gaps":[986,797,774,750,166,33,19,1]}	{"inversion_count":0}
497	{"gaps":[991,815,697,559,448,411,268,1]}	{"inversion_count":0}
498	{"gaps":[962,948,923,778,545,392,145,1]}	{"inversion_count":0}
499	{"gaps":[986,797,774,750,554,521,268,1]}	{"inversion_count":0}
